1.00000e-06 1.00000e+00 -1.00000e-06
6.00000e-06 1.00000e+00 -6.00000e-06
3.10000e-05 1.00000e+00 -3.10000e-05
1.56000e-04 1.00000e+00 -1.56000e-04
7.81000e-04 1.00000e+00 -7.81000e-04
3.90600e-03 9.99992e-01 -3.90599e-03
1.95310e-02 9.99809e-01 -1.95301e-02
9.76560e-02 9.95231e-01 -9.77279e-02
2.41513e-01 9.70565e-01 -2.47735e-01
3.54766e-01 9.34852e-01 -3.88724e-01
4.44335e-01 8.93708e-01 -5.38171e-01
5.17792e-01 8.48176e-01 -7.12088e-01
5.73548e-01 8.03527e-01 -9.00078e-01
6.18043e-01 7.59095e-01 -1.10789e+00
6.55093e-01 7.13925e-01 -1.34181e+00
6.86742e-01 6.67458e-01 -1.60660e+00
7.14275e-01 6.19268e-01 -1.90667e+00
7.38571e-01 5.68984e-01 -2.24636e+00
7.62867e-01 5.09337e-01 -2.68239e+00
7.82159e-01 4.53513e-01 -3.12040e+00
8.01451e-01 3.88252e-01 -3.66531e+00
8.17514e-01 3.25044e-01 -4.22252e+00
8.33576e-01 2.51979e-01 -4.89668e+00
8.47515e-01 1.78985e-01 -5.59541e+00
8.61455e-01 9.54152e-02 -6.41682e+00
8.75394e-01 -5.40500e-04 -7.37416e+00
8.89333e-01 -1.10821e-01 -8.47168e+00
9.03273e-01 -2.37306e-01 -9.69411e+00
9.17212e-01 -3.81434e-01 -1.09907e+01
9.29930e-01 -5.28674e-01 -1.21497e+01
9.40095e-01 -6.56466e-01 -1.29712e+01
9.50260e-01 -7.91736e-01 -1.36052e+01
9.58668e-01 -9.07599e-01 -1.39189e+01
9.67075e-01 -1.02510e+00 -1.39872e+01
9.75483e-01 -1.14201e+00 -1.37732e+01
9.83891e-01 -1.25587e+00 -1.32638e+01
9.92298e-01 -1.36426e+00 -1.24754e+01
1.00071e+00 -1.46499e+00 -1.14541e+01
1.00932e+00 -1.55849e+00 -1.02386e+01
1.01793e+00 -1.64109e+00 -8.93644e+00
1.02536e+00 -1.70325e+00 -7.80726e+00
1.03278e+00 -1.75716e+00 -6.71957e+00
1.04035e+00 -1.80407e+00 -5.68780e+00
1.04885e+00 -1.84788e+00 -4.64964e+00
1.05671e+00 -1.88107e+00 -3.81293e+00
1.06458e+00 -1.90816e+00 -3.09647e+00
1.07244e+00 -1.93007e+00 -2.49354e+00
1.07930e+00 -1.94562e+00 -2.05196e+00
1.08616e+00 -1.95838e+00 -1.67998e+00
1.09301e+00 -1.96880e+00 -1.36888e+00
1.09987e+00 -1.97727e+00 -1.11023e+00
1.10673e+00 -1.98413e+00 -8.96206e-01
1.11376e+00 -1.98977e+00 -7.15885e-01
1.12096e+00 -1.99437e+00 -5.65081e-01
1.12838e+00 -1.99808e+00 -4.39575e-01
1.13604e+00 -2.00103e+00 -3.35684e-01
1.14398e+00 -2.00334e+00 -2.50227e-01
1.15223e+00 -2.00511e+00 -1.80439e-01
1.16083e+00 -2.00641e+00 -1.23912e-01
1.16983e+00 -2.00731e+00 -7.85491e-02
1.17928e+00 -2.00787e+00 -4.25191e-02
1.18921e+00 -2.00815e+00 -1.42315e-02
1.19970e+00 -2.00818e+00 7.69162e-03
1.21082e+00 -2.00799e+00 2.44376e-02
1.22263e+00 -2.00762e+00 3.70227e-02
1.23525e+00 -2.00710e+00 4.63098e-02
1.24878e+00 -2.00642e+00 5.30241e-02
1.26335e+00 -2.00561e+00 5.77680e-02
1.27913e+00 -2.00467e+00 6.10349e-02
1.29632e+00 -2.00360e+00 6.32225e-02
1.31519e+00 -2.00239e+00 6.46448e-02
1.33605e+00 -2.00104e+00 6.55445e-02
1.35934e+00 -1.99950e+00 6.61039e-02
1.38563e+00 -1.99776e+00 6.64556e-02
1.41570e+00 -1.99576e+00 6.66928e-02
1.45068e+00 -1.99342e+00 6.68787e-02
1.49220e+00 -1.99064e+00 6.70557e-02
1.54289e+00 -1.98724e+00 6.72539e-02
1.60736e+00 -1.98289e+00 6.75015e-02
1.69746e+00 -1.97679e+00 6.78502e-02
1.81188e+00 -1.96900e+00 6.83011e-02
1.92630e+00 -1.96116e+00 6.87622e-02
2.04527e+00 -1.95295e+00 6.92522e-02
2.16424e+00 -1.94469e+00 6.97538e-02
2.28321e+00 -1.93636e+00 7.02672e-02
2.40218e+00 -1.92797e+00 7.07931e-02
2.52115e+00 -1.91951e+00 7.13318e-02
2.64012e+00 -1.91099e+00 7.18840e-02
2.75909e+00 -1.90241e+00 7.24501e-02
2.87806e+00 -1.89375e+00 7.30309e-02
2.99703e+00 -1.88503e+00 7.36270e-02
3.11600e+00 -1.87623e+00 7.42391e-02
3.23497e+00 -1.86736e+00 7.48678e-02
3.35394e+00 -1.85842e+00 7.55140e-02
3.47291e+00 -1.84939e+00 7.61786e-02
3.59188e+00 -1.84029e+00 7.68623e-02
3.71085e+00 -1.83111e+00 7.75662e-02
3.82982e+00 -1.82183e+00 7.82913e-02
3.94878e+00 -1.81248e+00 7.90387e-02
4.06775e+00 -1.80303e+00 7.98095e-02
4.18672e+00 -1.79348e+00 8.06050e-02
4.30569e+00 -1.78385e+00 8.14266e-02
4.42466e+00 -1.77411e+00 8.22758e-02
4.54363e+00 -1.76427e+00 8.31541e-02
4.66260e+00 -1.75432e+00 8.40632e-02
4.78157e+00 -1.74427e+00 8.50051e-02
4.90054e+00 -1.73409e+00 8.59817e-02
5.01951e+00 -1.72381e+00 8.69952e-02
5.13848e+00 -1.71339e+00 8.80481e-02
5.25745e+00 -1.70285e+00 8.91430e-02
5.37642e+00 -1.69218e+00 9.02826e-02
5.49539e+00 -1.68137e+00 9.14703e-02
5.61436e+00 -1.67041e+00 9.27095e-02
5.73333e+00 -1.65931e+00 9.40040e-02
5.85230e+00 -1.64804e+00 9.53580e-02
5.97127e+00 -1.63662e+00 9.67763e-02
6.09024e+00 -1.62501e+00 9.82641e-02
6.20921e+00 -1.61323e+00 9.98273e-02
6.32818e+00 -1.60126e+00 1.01472e-01
6.44715e+00 -1.58908e+00 1.03207e-01
6.56612e+00 -1.57670e+00 1.05039e-01
6.68509e+00 -1.56409e+00 1.06978e-01
6.80406e+00 -1.55124e+00 1.09036e-01
6.92303e+00 -1.53814e+00 1.11223e-01
7.04200e+00 -1.52477e+00 1.13555e-01
7.16097e+00 -1.51111e+00 1.16048e-01
7.27994e+00 -1.49715e+00 1.18720e-01
7.39891e+00 -1.48286e+00 1.21596e-01
7.51788e+00 -1.46821e+00 1.24699e-01
7.63685e+00 -1.45317e+00 1.28063e-01
7.75582e+00 -1.43772e+00 1.31725e-01
7.87479e+00 -1.42182e+00 1.35729e-01
7.99375e+00 -1.40541e+00 1.40132e-01
8.11272e+00 -1.38846e+00 1.45001e-01
8.23169e+00 -1.37089e+00 1.50422e-01
8.35066e+00 -1.35264e+00 1.56502e-01
8.46963e+00 -1.33362e+00 1.63380e-01
8.58860e+00 -1.31373e+00 1.71236e-01
8.70757e+00 -1.29283e+00 1.80310e-01
8.82654e+00 -1.27076e+00 1.90926e-01
8.94551e+00 -1.24732e+00 2.03538e-01
9.06448e+00 -1.22223e+00 2.18794e-01
9.18345e+00 -1.19512e+00 2.37649e-01
9.30242e+00 -1.16548e+00 2.61573e-01
9.42139e+00 -1.13259e+00 2.92926e-01
9.54036e+00 -1.09533e+00 3.35715e-01
9.65933e+00 -1.05197e+00 3.97227e-01
9.75836e+00 -1.00914e+00 4.72700e-01
9.85739e+00 -9.57073e-01 5.87473e-01
9.93638e+00 -9.05451e-01 7.29526e-01
1.00026e+01 -8.51554e-01 9.10649e-01
1.00529e+01 -8.01022e-01 1.11242e+00
1.00932e+01 -7.51848e-01 1.33895e+00
1.01269e+01 -7.02552e-01 1.59568e+00
1.01559e+01 -6.52316e-01 1.88703e+00
1.01812e+01 -6.00554e-01 2.21728e+00
1.02065e+01 -5.39261e-01 2.64539e+00
1.02263e+01 -4.82816e-01 3.07241e+00
1.02461e+01 -4.16901e-01 3.60685e+00
1.02624e+01 -3.53690e-01 4.15121e+00
1.02787e+01 -2.80665e-01 4.81288e+00
1.02928e+01 -2.08312e-01 5.49629e+00
1.03069e+01 -1.25500e-01 6.30323e+00
1.03209e+01 -3.03789e-02 7.24905e+00
1.03333e+01 6.50927e-02 8.20255e+00
1.03457e+01 1.73045e-01 9.26426e+00
1.03581e+01 2.94689e-01 1.04098e+01
1.03712e+01 4.39325e-01 1.16540e+01
1.03824e+01 5.76681e-01 1.26652e+01
1.03920e+01 7.01716e-01 1.33970e+01
1.04016e+01 8.32866e-01 1.39271e+01
1.04098e+01 9.47532e-01 1.41566e+01
1.04179e+01 1.06307e+00 1.41348e+01
1.04261e+01 1.17730e+00 1.38333e+01
1.04342e+01 1.28791e+00 1.32477e+01
1.04424e+01 1.39266e+00 1.24017e+01
1.04508e+01 1.49196e+00 1.13162e+01
1.04586e+01 1.57628e+00 1.01623e+01
1.04668e+01 1.65397e+00 8.89890e+00
1.04749e+01 1.72135e+00 7.63972e+00
1.04831e+01 1.77868e+00 6.44285e+00
1.04912e+01 1.82665e+00 5.34887e+00
1.05005e+01 1.87130e+00 4.25147e+00
1.05079e+01 1.89994e+00 3.50553e+00
1.05153e+01 1.92347e+00 2.86697e+00
1.05227e+01 1.94263e+00 2.32806e+00
1.05301e+01 1.95815e+00 1.87851e+00
1.05375e+01 1.97064e+00 1.50702e+00
1.05449e+01 1.98063e+00 1.20237e+00
1.05523e+01 1.98858e+00 9.54073e-01
1.05598e+01 1.99487e+00 7.52687e-01
1.05672e+01 1.99982e+00 5.89992e-01
1.05746e+01 2.00368e+00 4.58962e-01
1.05821e+01 2.00673e+00 3.51638e-01
1.05899e+01 2.00912e+00 2.63372e-01
1.05981e+01 2.01096e+00 1.91207e-01
1.06066e+01 2.01232e+00 1.32670e-01
1.06154e+01 2.01328e+00 8.56160e-02
1.06247e+01 2.01389e+00 4.81755e-02
1.06345e+01 2.01421e+00 1.87214e-02
1.06448e+01 2.01428e+00 -4.15684e-03
1.06557e+01 2.01413e+00 -2.16760e-02
1.06673e+01 2.01380e+00 -3.48789e-02
1.06797e+01 2.01331e+00 -4.46523e-02
1.06929e+01 2.01266e+00 -5.17427e-02
1.07072e+01 2.01189e+00 -5.67718e-02
1.07227e+01 2.01098e+00 -6.02497e-02
1.07395e+01 2.00995e+00 -6.25891e-02
1.07579e+01 2.00878e+00 -6.41168e-02
1.07782e+01 2.00746e+00 -6.50863e-02
1.08009e+01 2.00598e+00 -6.56891e-02
1.08265e+01 2.00430e+00 -6.60652e-02
1.08556e+01 2.00237e+00 -6.63135e-02
1.08894e+01 2.00012e+00 -6.65013e-02
1.09294e+01 1.99746e+00 -6.66737e-02
1.09779e+01 1.99422e+00 -6.68619e-02
1.10391e+01 1.99012e+00 -6.70931e-02
1.11223e+01 1.98453e+00 -6.74089e-02
1.12300e+01 1.97724e+00 -6.78243e-02
1.13378e+01 1.96991e+00 -6.82483e-02
1.14530e+01 1.96202e+00 -6.87115e-02
1.15683e+01 1.95407e+00 -6.91851e-02
1.16836e+01 1.94607e+00 -6.96694e-02
1.17989e+01 1.93801e+00 -7.01648e-02
1.19141e+01 1.92989e+00 -7.06717e-02
1.20294e+01 1.92171e+00 -7.11906e-02
1.21447e+01 1.91348e+00 -7.17220e-02
1.22600e+01 1.90518e+00 -7.22664e-02
1.23753e+01 1.89681e+00 -7.28244e-02
1.24905e+01 1.88839e+00 -7.33964e-02
1.26058e+01 1.87989e+00 -7.39832e-02
1.27211e+01 1.87133e+00 -7.45854e-02
1.28364e+01 1.86269e+00 -7.52037e-02
1.29517e+01 1.85399e+00 -7.58388e-02
1.30669e+01 1.84521e+00 -7.64914e-02
1.31822e+01 1.83635e+00 -7.71626e-02
1.32975e+01 1.82742e+00 -7.78530e-02
1.34128e+01 1.81840e+00 -7.85638e-02
1.35281e+01 1.80930e+00 -7.92958e-02
1.36433e+01 1.80012e+00 -8.00503e-02
1.37586e+01 1.79084e+00 -8.08284e-02
1.38739e+01 1.78148e+00 -8.16313e-02
1.39892e+01 1.77202e+00 -8.24604e-02
1.41045e+01 1.76247e+00 -8.33172e-02
1.42197e+01 1.75281e+00 -8.42033e-02
1.43350e+01 1.74305e+00 -8.51204e-02
1.44503e+01 1.73318e+00 -8.60703e-02
1.45656e+01 1.72321e+00 -8.70552e-02
1.46809e+01 1.71311e+00 -8.80771e-02
1.47961e+01 1.70290e+00 -8.91384e-02
1.49114e+01 1.69256e+00 -9.02419e-02
1.50267e+01 1.68209e+00 -9.13903e-02
1.51420e+01 1.67149e+00 -9.25868e-02
1.52573e+01 1.66074e+00 -9.38349e-02
1.53725e+01 1.64985e+00 -9.51383e-02
1.54878e+01 1.63880e+00 -9.65014e-02
1.56031e+01 1.62760e+00 -9.79288e-02
1.57184e+01 1.61622e+00 -9.94256e-02
1.58337e+01 1.60467e+00 -1.00998e-01
1.59489e+01 1.59293e+00 -1.02652e-01
1.60642e+01 1.58100e+00 -1.04395e-01
1.61795e+01 1.56886e+00 -1.06235e-01
1.62948e+01 1.55650e+00 -1.08183e-01
1.64101e+01 1.54391e+00 -1.10247e-01
1.65253e+01 1.53108e+00 -1.12441e-01
1.66406e+01 1.51798e+00 -1.14779e-01
1.67559e+01 1.50461e+00 -1.17277e-01
1.68712e+01 1.49094e+00 -1.19952e-01
1.69865e+01 1.47694e+00 -1.22828e-01
1.71017e+01 1.46261e+00 -1.25931e-01
1.72170e+01 1.44790e+00 -1.29289e-01
1.73323e+01 1.43279e+00 -1.32941e-01
1.74476e+01 1.41724e+00 -1.36930e-01
1.75629e+01 1.40120e+00 -1.41310e-01
1.76781e+01 1.38464e+00 -1.46146e-01
1.77934e+01 1.36749e+00 -1.51520e-01
1.79087e+01 1.34968e+00 -1.57535e-01
1.80240e+01 1.33114e+00 -1.64323e-01
1.81393e+01 1.31176e+00 -1.72054e-01
1.82545e+01 1.29142e+00 -1.80953e-01
1.83698e+01 1.26998e+00 -1.91324e-01
1.84851e+01 1.24724e+00 -2.03585e-01
1.86004e+01 1.22295e+00 -2.18329e-01
1.87157e+01 1.19677e+00 -2.36421e-01
1.88309e+01 1.16826e+00 -2.59169e-01
1.89462e+01 1.13676e+00 -2.88636e-01
1.90615e+01 1.10132e+00 -3.28254e-01
1.91768e+01 1.06046e+00 -3.84082e-01
1.92774e+01 1.01846e+00 -4.54910e-01
1.93781e+01 9.67682e-01 -5.61867e-01
1.94602e+01 9.16376e-01 -6.96971e-01
1.95289e+01 8.63002e-01 -8.69275e-01
1.95823e+01 8.11665e-01 -1.06732e+00
1.96243e+01 7.62377e-01 -1.28794e+00
1.96593e+01 7.13187e-01 -1.53781e+00
1.96892e+01 6.63208e-01 -1.82137e+00
1.97152e+01 6.11816e-01 -2.14292e+00
1.97412e+01 5.50866e-01 -2.56139e+00
1.97614e+01 4.94989e-01 -2.97781e+00
1.97817e+01 4.29660e-01 -3.50060e+00
1.97983e+01 3.67218e-01 -4.03232e+00
1.98149e+01 2.95007e-01 -4.68047e+00
1.98292e+01 2.23704e-01 -5.34894e+00
1.98434e+01 1.42021e-01 -6.14062e+00
1.98576e+01 4.80806e-02 -7.07222e+00
1.98701e+01 -4.53128e-02 -8.00550e+00
1.98825e+01 -1.50981e-01 -9.04982e+00
1.98949e+01 -2.70201e-01 -1.01851e+01
1.99077e+01 -4.08598e-01 -1.14031e+01
1.99196e+01 -5.50997e-01 -1.24912e+01
1.99294e+01 -6.77573e-01 -1.32716e+01
1.99392e+01 -8.10928e-01 -1.38572e+01
1.99475e+01 -9.26369e-01 -1.41321e+01
1.99557e+01 -1.04308e+00 -1.41581e+01
1.99639e+01 -1.15886e+00 -1.39021e+01
1.99722e+01 -1.27132e+00 -1.33551e+01
1.99804e+01 -1.37814e+00 -1.25368e+01
1.99887e+01 -1.47726e+00 -1.14951e+01
1.99969e+01 -1.56738e+00 -1.02945e+01
2.00053e+01 -1.64846e+00 -8.99517e+00
2.00127e+01 -1.71045e+00 -7.85404e+00
2.00200e+01 -1.76418e+00 -6.75674e+00
2.00276e+01 -1.81100e+00 -5.71524e+00
2.00360e+01 -1.85495e+00 -4.66234e+00
2.00438e+01 -1.88775e+00 -3.82713e+00
2.00515e+01 -1.91455e+00 -3.11177e+00
2.00593e+01 -1.93625e+00 -2.50937e+00
2.00661e+01 -1.95174e+00 -2.06582e+00
2.00729e+01 -1.96446e+00 -1.69213e+00
2.00796e+01 -1.97485e+00 -1.37951e+00
2.00864e+01 -1.98330e+00 -1.11951e+00
2.00932e+01 -1.99015e+00 -9.04296e-01
2.01002e+01 -1.99579e+00 -7.22815e-01
2.01073e+01 -2.00038e+00 -5.70975e-01
2.01147e+01 -2.00410e+00 -4.44560e-01
2.01222e+01 -2.00706e+00 -3.39879e-01
2.01301e+01 -2.00938e+00 -2.53740e-01
2.01383e+01 -2.01115e+00 -1.83366e-01
2.01468e+01 -2.01246e+00 -1.26342e-01
2.01557e+01 -2.01337e+00 -8.05587e-02
2.01651e+01 -2.01395e+00 -4.41771e-02
2.01749e+01 -2.01423e+00 -1.55984e-02
2.01853e+01 -2.01427e+00 6.56321e-03
2.01963e+01 -2.01410e+00 2.35021e-02
2.02080e+01 -2.01375e+00 3.62413e-02
2.02204e+01 -2.01324e+00 4.56493e-02
2.02338e+01 -2.01258e+00 5.24568e-02
2.02482e+01 -2.01178e+00 5.72709e-02
2.02638e+01 -2.01086e+00 6.05894e-02
2.02808e+01 -2.00981e+00 6.28136e-02
2.02995e+01 -2.00863e+00 6.42609e-02
2.03201e+01 -2.00729e+00 6.51765e-02
2.03431e+01 -2.00579e+00 6.57449e-02
2.03690e+01 -2.00408e+00 6.61008e-02
2.03986e+01 -2.00211e+00 6.63386e-02
2.04331e+01 -1.99982e+00 6.65225e-02
2.04740e+01 -1.99710e+00 6.66953e-02
2.05238e+01 -1.99377e+00 6.68873e-02
2.05870e+01 -1.98954e+00 6.71259e-02
2.06744e+01 -1.98366e+00 6.74583e-02
2.07907e+01 -1.97579e+00 6.79079e-02
2.09070e+01 -1.96786e+00 6.83680e-02
2.10291e+01 -1.95948e+00 6.88618e-02
2.11513e+01 -1.95104e+00 6.93677e-02
2.12734e+01 -1.94253e+00 6.98855e-02
2.13956e+01 -1.93396e+00 7.04162e-02
2.15177e+01 -1.92533e+00 7.09600e-02
2.16399e+01 -1.91663e+00 7.15176e-02
2.17620e+01 -1.90786e+00 7.20895e-02
2.18842e+01 -1.89902e+00 7.26765e-02
2.20063e+01 -1.89010e+00 7.32791e-02
2.21285e+01 -1.88111e+00 7.38982e-02
2.22507e+01 -1.87205e+00 7.45344e-02
2.23728e+01 -1.86290e+00 7.51886e-02
2.24950e+01 -1.85368e+00 7.58616e-02
2.26171e+01 -1.84437e+00 7.65545e-02
2.27393e+01 -1.83497e+00 7.72682e-02
2.28614e+01 -1.82549e+00 7.80037e-02
2.29836e+01 -1.81591e+00 7.87622e-02
2.31057e+01 -1.80624e+00 7.95451e-02
2.32279e+01 -1.79648e+00 8.03535e-02
2.33500e+01 -1.78661e+00 8.11889e-02
2.34722e+01 -1.77664e+00 8.20529e-02
2.35944e+01 -1.76656e+00 8.29472e-02
2.37165e+01 -1.75638e+00 8.38736e-02
2.38387e+01 -1.74607e+00 8.48341e-02
2.39608e+01 -1.73565e+00 8.58308e-02
2.40830e+01 -1.72510e+00 8.68661e-02
2.42051e+01 -1.71442e+00 8.79425e-02
2.43273e+01 -1.70361e+00 8.90629e-02
2.44494e+01 -1.69266e+00 9.02303e-02
2.45716e+01 -1.68157e+00 9.14482e-02
2.46937e+01 -1.67032e+00 9.27203e-02
2.48159e+01 -1.65891e+00 9.40507e-02
2.49381e+01 -1.64734e+00 9.54441e-02
2.50602e+01 -1.63559e+00 9.69056e-02
2.51824e+01 -1.62366e+00 9.84409e-02
2.53045e+01 -1.61154e+00 1.00056e-01
2.54267e+01 -1.59921e+00 1.01759e-01
2.55488e+01 -1.58667e+00 1.03558e-01
2.56710e+01 -1.57391e+00 1.05461e-01
2.57931e+01 -1.56090e+00 1.07480e-01
2.59153e+01 -1.54765e+00 1.09626e-01
2.60374e+01 -1.53412e+00 1.11914e-01
2.61596e+01 -1.52030e+00 1.14358e-01
2.62818e+01 -1.50617e+00 1.16979e-01
2.64039e+01 -1.49171e+00 1.19797e-01
2.65261e+01 -1.47689e+00 1.22839e-01
2.66482e+01 -1.46169e+00 1.26135e-01
2.67704e+01 -1.44606e+00 1.29721e-01
2.68925e+01 -1.42998e+00 1.33643e-01
2.70147e+01 -1.41340e+00 1.37953e-01
2.71368e+01 -1.39626e+00 1.42718e-01
2.72590e+01 -1.37851e+00 1.48021e-01
2.73811e+01 -1.36007e+00 1.53968e-01
2.75033e+01 -1.34086e+00 1.60692e-01
2.76255e+01 -1.32077e+00 1.68370e-01
2.77476e+01 -1.29968e+00 1.77236e-01
2.78698e+01 -1.27741e+00 1.87606e-01
2.79919e+01 -1.25377e+00 1.99922e-01
2.81141e+01 -1.22847e+00 2.14817e-01
2.82362e+01 -1.20114e+00 2.33226e-01
2.83584e+01 -1.17129e+00 2.56588e-01
2.84805e+01 -1.13816e+00 2.87219e-01
2.86027e+01 -1.10066e+00 3.29066e-01
2.87248e+01 -1.05703e+00 3.89335e-01
2.88249e+01 -1.01468e+00 4.62029e-01
2.89249e+01 -9.63371e-01 5.72130e-01
2.90057e+01 -9.11942e-01 7.10021e-01
2.90734e+01 -8.58359e-01 8.85865e-01
2.91254e+01 -8.07376e-01 1.08532e+00
2.91668e+01 -7.58141e-01 1.30830e+00
2.92012e+01 -7.08913e-01 1.56091e+00
2.92307e+01 -6.58833e-01 1.84758e+00
2.92565e+01 -6.07295e-01 2.17260e+00
2.92822e+01 -5.46211e-01 2.59492e+00
2.93023e+01 -4.90108e-01 3.01558e+00
2.93223e+01 -4.24546e-01 3.54304e+00
2.93388e+01 -3.61797e-01 4.07982e+00
2.93553e+01 -2.89262e-01 4.73337e+00
2.93695e+01 -2.17541e-01 5.40783e+00
2.93837e+01 -1.35408e-01 6.20562e+00
2.93978e+01 -4.09986e-02 7.14294e+00
2.94102e+01 5.32146e-02 8.08428e+00
2.94226e+01 1.59783e-01 9.13556e+00
2.94350e+01 2.79959e-01 1.02751e+01
2.94479e+01 4.20706e-01 1.15030e+01
2.94596e+01 5.60991e-01 1.25598e+01
2.94693e+01 6.86944e-01 1.33212e+01
2.94790e+01 8.19412e-01 1.38852e+01
2.94872e+01 9.34552e-01 1.41426e+01
2.94954e+01 1.05081e+00 1.41501e+01
2.95036e+01 1.16598e+00 1.38765e+01
2.95118e+01 1.27773e+00 1.33145e+01
2.95200e+01 1.38374e+00 1.24854e+01
2.95283e+01 1.48201e+00 1.14379e+01
2.95364e+01 1.57005e+00 1.02552e+01
2.95447e+01 1.65000e+00 8.96833e+00
2.95530e+01 1.71921e+00 7.68208e+00
2.95613e+01 1.77794e+00 6.45886e+00
2.95696e+01 1.82693e+00 5.34223e+00
2.95789e+01 1.87146e+00 4.24747e+00
2.95863e+01 1.90007e+00 3.50230e+00
2.95937e+01 1.92356e+00 2.86443e+00
2.96011e+01 1.94270e+00 2.32609e+00
2.96085e+01 1.95820e+00 1.87701e+00
2.96159e+01 1.97067e+00 1.50590e+00
2.96233e+01 1.98065e+00 1.20155e+00
2.96307e+01 1.98860e+00 9.53479e-01
2.96381e+01 1.99488e+00 7.52268e-01
2.96455e+01 1.99982e+00 5.89703e-01
2.96529e+01 2.00369e+00 4.58769e-01
2.96605e+01 2.00673e+00 3.51482e-01
2.96683e+01 2.00913e+00 2.63245e-01
2.96765e+01 2.01096e+00 1.91103e-01
2.96849e+01 2.01232e+00 1.32586e-01
2.96938e+01 2.01328e+00 8.55492e-02
2.97031e+01 2.01389e+00 4.81227e-02
2.97129e+01 2.01421e+00 1.86801e-02
2.97232e+01 2.01428e+00 -4.18869e-03
2.97341e+01 2.01413e+00 -2.17002e-02
2.97457e+01 2.01380e+00 -3.48970e-02
2.97581e+01 2.01331e+00 -4.46655e-02
2.97713e+01 2.01266e+00 -5.17522e-02
2.97856e+01 2.01189e+00 -5.67784e-02
2.98011e+01 2.01098e+00 -6.02543e-02
2.98179e+01 2.00995e+00 -6.25921e-02
2.98363e+01 2.00878e+00 -6.41187e-02
2.98566e+01 2.00746e+00 -6.50876e-02
2.98793e+01 2.00598e+00 -6.56899e-02
2.99049e+01 2.00429e+00 -6.60657e-02
2.99340e+01 2.00236e+00 -6.63138e-02
2.99678e+01 2.00012e+00 -6.65016e-02
3.00078e+01 1.99746e+00 -6.66740e-02
3.00564e+01 1.99422e+00 -6.68623e-02
3.01176e+01 1.99011e+00 -6.70935e-02
3.02008e+01 1.98452e+00 -6.74095e-02
3.03086e+01 1.97723e+00 -6.78250e-02
3.04163e+01 1.96990e+00 -6.82491e-02
3.05316e+01 1.96200e+00 -6.87123e-02
3.06469e+01 1.95406e+00 -6.91861e-02
3.07622e+01 1.94605e+00 -6.96704e-02
3.08775e+01 1.93799e+00 -7.01659e-02
3.09928e+01 1.92987e+00 -7.06729e-02
3.11081e+01 1.92169e+00 -7.11919e-02
3.12234e+01 1.91346e+00 -7.17233e-02
3.13386e+01 1.90516e+00 -7.22678e-02
3.14539e+01 1.89679e+00 -7.28258e-02
3.15692e+01 1.88836e+00 -7.33980e-02
3.16845e+01 1.87987e+00 -7.39849e-02
3.17998e+01 1.87130e+00 -7.45872e-02
3.19151e+01 1.86267e+00 -7.52056e-02
3.20304e+01 1.85396e+00 -7.58407e-02
3.21457e+01 1.84518e+00 -7.64935e-02
3.22610e+01 1.83632e+00 -7.71648e-02
3.23763e+01 1.82739e+00 -7.78554e-02
3.24916e+01 1.81837e+00 -7.85663e-02
3.26068e+01 1.80927e+00 -7.92985e-02
3.27221e+01 1.80008e+00 -8.00531e-02
3.28374e+01 1.79081e+00 -8.08313e-02
3.29527e+01 1.78144e+00 -8.16344e-02
3.30680e+01 1.77198e+00 -8.24637e-02
3.31833e+01 1.76243e+00 -8.33207e-02
3.32986e+01 1.75277e+00 -8.42070e-02
3.34139e+01 1.74301e+00 -8.51243e-02
3.35292e+01 1.73314e+00 -8.60745e-02
3.36445e+01 1.72316e+00 -8.70596e-02
3.37598e+01 1.71307e+00 -8.80817e-02
3.38750e+01 1.70285e+00 -8.91434e-02
3.39903e+01 1.69251e+00 -9.02471e-02
3.41056e+01 1.68204e+00 -9.13959e-02
3.42209e+01 1.67143e+00 -9.25927e-02
3.43362e+01 1.66069e+00 -9.38412e-02
3.44515e+01 1.64979e+00 -9.51451e-02
3.45668e+01 1.63875e+00 -9.65086e-02
3.46821e+01 1.62754e+00 -9.79364e-02
3.47974e+01 1.61616e+00 -9.94338e-02
3.49127e+01 1.60461e+00 -1.01007e-01
3.50279e+01 1.59287e+00 -1.02661e-01
3.51432e+01 1.58093e+00 -1.04405e-01
3.52585e+01 1.56879e+00 -1.06246e-01
3.53738e+01 1.55643e+00 -1.08194e-01
3.54891e+01 1.54384e+00 -1.10260e-01
3.56044e+01 1.53100e+00 -1.12455e-01
3.57197e+01 1.51790e+00 -1.14794e-01
3.58350e+01 1.50452e+00 -1.17293e-01
3.59503e+01 1.49085e+00 -1.19970e-01
3.60656e+01 1.47685e+00 -1.22847e-01
3.61809e+01 1.46251e+00 -1.25951e-01
3.62961e+01 1.44780e+00 -1.29312e-01
3.64114e+01 1.43269e+00 -1.32967e-01
3.65267e+01 1.41713e+00 -1.36958e-01
3.66420e+01 1.40109e+00 -1.41341e-01
3.67573e+01 1.38452e+00 -1.46181e-01
3.68726e+01 1.36736e+00 -1.51560e-01
3.69879e+01 1.34955e+00 -1.57580e-01
3.71032e+01 1.33100e+00 -1.64375e-01
3.72185e+01 1.31161e+00 -1.72114e-01
3.73338e+01 1.29127e+00 -1.81024e-01
3.74490e+01 1.26981e+00 -1.91408e-01
3.75643e+01 1.24706e+00 -2.03687e-01
3.76796e+01 1.22275e+00 -2.18454e-01
3.77949e+01 1.19656e+00 -2.36578e-01
3.79102e+01 1.16802e+00 -2.59370e-01
3.80255e+01 1.13650e+00 -2.88905e-01
3.81408e+01 1.10102e+00 -3.28627e-01
3.82561e+01 1.06010e+00 -3.84628e-01
3.83567e+01 1.01807e+00 -4.55645e-01
3.84573e+01 9.67237e-01 -5.62919e-01
3.85393e+01 9.15918e-01 -6.98309e-01
3.86078e+01 8.62522e-01 -8.70976e-01
3.86611e+01 8.11224e-01 -1.06916e+00
3.87030e+01 7.61942e-01 -1.29002e+00
3.87380e+01 7.12749e-01 -1.54017e+00
3.87678e+01 6.62759e-01 -1.82405e+00
3.87938e+01 6.11352e-01 -2.14595e+00
3.88198e+01 5.50389e-01 -2.56482e+00
3.88400e+01 4.94489e-01 -2.98167e+00
3.88602e+01 4.29136e-01 -3.50494e+00
3.88768e+01 3.66663e-01 -4.03718e+00
3.88934e+01 2.94419e-01 -4.68588e+00
3.89076e+01 2.23073e-01 -5.35497e+00
3.89219e+01 1.41344e-01 -6.14727e+00
3.89361e+01 4.73558e-02 -7.07945e+00
3.89485e+01 -4.61209e-02 -8.01356e+00
3.89609e+01 -1.51881e-01 -9.05859e+00
3.89733e+01 -2.71197e-01 -1.01943e+01
3.89862e+01 -4.09827e-01 -1.14133e+01
3.89980e+01 -5.51998e-01 -1.24981e+01
3.90078e+01 -6.78510e-01 -1.32766e+01
3.90177e+01 -8.11774e-01 -1.38601e+01
3.90259e+01 -9.27185e-01 -1.41332e+01
3.90341e+01 -1.04385e+00 -1.41574e+01
3.90424e+01 -1.15957e+00 -1.38996e+01
3.90506e+01 -1.27196e+00 -1.33511e+01
3.90588e+01 -1.37870e+00 -1.25317e+01
3.90671e+01 -1.47773e+00 -1.14894e+01
3.90753e+01 -1.56766e+00 -1.02904e+01
3.90837e+01 -1.64862e+00 -8.99237e+00
3.90911e+01 -1.71059e+00 -7.85121e+00
3.90984e+01 -1.76430e+00 -6.75399e+00
3.91059e+01 -1.81111e+00 -5.71256e+00
3.91144e+01 -1.85507e+00 -4.65943e+00
3.91222e+01 -1.88784e+00 -3.82487e+00
3.91299e+01 -1.91462e+00 -3.11005e+00
3.91377e+01 -1.93630e+00 -2.50810e+00
3.91445e+01 -1.95178e+00 -2.06475e+00
3.91512e+01 -1.96449e+00 -1.69123e+00
3.91580e+01 -1.97487e+00 -1.37876e+00
3.91648e+01 -1.98332e+00 -1.11889e+00
3.91716e+01 -1.99016e+00 -9.03788e-01
3.91786e+01 -1.99580e+00 -7.22390e-01
3.91857e+01 -2.00039e+00 -5.70621e-01
3.91930e+01 -2.00410e+00 -4.44266e-01
3.92006e+01 -2.00706e+00 -3.39637e-01
3.92085e+01 -2.00938e+00 -2.53540e-01
3.92167e+01 -2.01115e+00 -1.83204e-01
3.92252e+01 -2.01246e+00 -1.26212e-01
3.92341e+01 -2.01337e+00 -8.04543e-02
3.92434e+01 -2.01395e+00 -4.40947e-02
3.92533e+01 -2.01423e+00 -1.55340e-02
3.92637e+01 -2.01427e+00 6.61276e-03
3.92747e+01 -2.01410e+00 2.35397e-02
3.92864e+01 -2.01375e+00 3.62693e-02
3.92988e+01 -2.01323e+00 4.56698e-02
3.93122e+01 -2.01257e+00 5.24714e-02
3.93266e+01 -2.01178e+00 5.72812e-02
3.93422e+01 -2.01086e+00 6.05964e-02
3.93592e+01 -2.00981e+00 6.28182e-02
3.93779e+01 -2.00862e+00 6.42638e-02
3.93985e+01 -2.00729e+00 6.51783e-02
3.94215e+01 -2.00578e+00 6.57461e-02
3.94474e+01 -2.00407e+00 6.61015e-02
3.94771e+01 -2.00211e+00 6.63391e-02
3.95116e+01 -1.99982e+00 6.65229e-02
3.95524e+01 -1.99709e+00 6.66958e-02
3.96023e+01 -1.99376e+00 6.68879e-02
3.96655e+01 -1.98953e+00 6.71266e-02
3.97531e+01 -1.98364e+00 6.74593e-02
3.98692e+01 -1.97577e+00 6.79087e-02
3.99854e+01 -1.96786e+00 6.83683e-02
4.01074e+01 -1.95948e+00 6.88616e-02
4.02295e+01 -1.95105e+00 6.93670e-02
4.03515e+01 -1.94255e+00 6.98842e-02
4.04735e+01 -1.93400e+00 7.04143e-02
4.05955e+01 -1.92537e+00 7.09574e-02
4.07176e+01 -1.91668e+00 7.15144e-02
4.08396e+01 -1.90792e+00 7.20856e-02
4.09616e+01 -1.89908e+00 7.26718e-02
4.10836e+01 -1.89018e+00 7.32737e-02
4.12057e+01 -1.88120e+00 7.38919e-02
4.13277e+01 -1.87215e+00 7.45273e-02
4.14497e+01 -1.86301e+00 7.51806e-02
4.15717e+01 -1.85380e+00 7.58527e-02
4.16937e+01 -1.84450e+00 7.65445e-02
4.18158e+01 -1.83512e+00 7.72571e-02
4.19378e+01 -1.82564e+00 7.79915e-02
4.20598e+01 -1.81608e+00 7.87488e-02
4.21818e+01 -1.80642e+00 7.95303e-02
4.23039e+01 -1.79667e+00 8.03374e-02
4.24259e+01 -1.78682e+00 8.11714e-02
4.25479e+01 -1.77686e+00 8.20338e-02
4.26699e+01 -1.76680e+00 8.29265e-02
4.27920e+01 -1.75662e+00 8.38511e-02
4.29140e+01 -1.74633e+00 8.48097e-02
4.30360e+01 -1.73592e+00 8.58044e-02
4.31580e+01 -1.72539e+00 8.68375e-02
4.32801e+01 -1.71473e+00 8.79116e-02
4.34021e+01 -1.70393e+00 8.90295e-02
4.35241e+01 -1.69300e+00 9.01942e-02
4.36461e+01 -1.68192e+00 9.14092e-02
4.37682e+01 -1.67069e+00 9.26781e-02
4.38902e+01 -1.65930e+00 9.40052e-02
4.40122e+01 -1.64774e+00 9.53948e-02
4.41342e+01 -1.63601e+00 9.68523e-02
4.42563e+01 -1.62410e+00 9.83831e-02
4.43783e+01 -1.61200e+00 9.99938e-02
4.45003e+01 -1.59970e+00 1.01691e-01
4.46223e+01 -1.58718e+00 1.03484e-01
4.47443e+01 -1.57444e+00 1.05381e-01
4.48664e+01 -1.56146e+00 1.07393e-01
4.49884e+01 -1.54822e+00 1.09531e-01
4.51104e+01 -1.53472e+00 1.11809e-01
4.52324e+01 -1.52093e+00 1.14244e-01
4.53545e+01 -1.50683e+00 1.16853e-01
4.54765e+01 -1.49240e+00 1.19659e-01
4.55985e+01 -1.47762e+00 1.22686e-01
4.57205e+01 -1.46245e+00 1.25965e-01
4.58426e+01 -1.44687e+00 1.29532e-01
4.59646e+01 -1.43083e+00 1.33431e-01
4.60866e+01 -1.41429e+00 1.37715e-01
4.62086e+01 -1.39720e+00 1.42449e-01
4.63307e+01 -1.37950e+00 1.47715e-01
4.64527e+01 -1.36112e+00 1.53616e-01
4.65747e+01 -1.34198e+00 1.60285e-01
4.66967e+01 -1.32197e+00 1.67894e-01
4.68188e+01 -1.30096e+00 1.76673e-01
4.69408e+01 -1.27879e+00 1.86931e-01
4.70628e+01 -1.25526e+00 1.99100e-01
4.71848e+01 -1.23010e+00 2.13797e-01
4.73068e+01 -1.20294e+00 2.31930e-01
4.74289e+01 -1.17330e+00 2.54893e-01
4.75509e+01 -1.14045e+00 2.84922e-01
4.76729e+01 -1.10333e+00 3.25809e-01
4.77949e+01 -1.06023e+00 3.84440e-01
4.78956e+01 -1.01819e+00 4.55420e-01
4.79962e+01 -9.67353e-01 5.62645e-01
4.80783e+01 -9.16038e-01 6.97957e-01
4.81469e+01 -8.62648e-01 8.70529e-01
4.82001e+01 -8.11339e-01 1.06867e+00
4.82421e+01 -7.62056e-01 1.28948e+00
4.82771e+01 -7.12864e-01 1.53955e+00
4.83069e+01 -6.62877e-01 1.82335e+00
4.83329e+01 -6.11474e-01 2.14515e+00
4.83589e+01 -5.50514e-01 2.56392e+00
4.83791e+01 -4.94620e-01 2.98066e+00
4.83993e+01 -4.29274e-01 3.50380e+00
4.84159e+01 -3.66808e-01 4.03590e+00
4.84326e+01 -2.94573e-01 4.68446e+00
4.84468e+01 -2.23238e-01 5.35338e+00
4.84610e+01 -1.41522e-01 6.14553e+00
4.84753e+01 -4.75461e-02 7.07755e+00
4.84877e+01 4.59086e-02 8.01144e+00
4.85001e+01 1.51645e-01 9.05629e+00
4.85125e+01 2.70936e-01 1.01919e+01
4.85253e+01 4.09504e-01 1.14106e+01
4.85372e+01 5.51735e-01 1.24963e+01
4.85470e+01 6.78264e-01 1.32753e+01
4.85568e+01 8.11551e-01 1.38593e+01
4.85651e+01 9.26970e-01 1.41330e+01
4.85733e+01 1.04365e+00 1.41576e+01
4.85815e+01 1.15938e+00 1.39003e+01
4.85898e+01 1.27179e+00 1.33522e+01
4.85980e+01 1.37855e+00 1.25330e+01
4.86062e+01 1.47761e+00 1.14909e+01
4.86145e+01 1.56759e+00 1.02915e+01
4.86229e+01 1.64858e+00 8.99310e+00
4.86302e+01 1.71055e+00 7.85196e+00
4.86376e+01 1.76427e+00 6.75471e+00
4.86451e+01 1.81108e+00 5.71326e+00
4.86536e+01 1.85504e+00 4.66020e+00
4.86614e+01 1.88782e+00 3.82546e+00
4.86691e+01 1.91460e+00 3.11051e+00
4.86769e+01 1.93629e+00 2.50844e+00
4.86836e+01 1.95177e+00 2.06503e+00
4.86904e+01 1.96448e+00 1.69147e+00
4.86972e+01 1.97487e+00 1.37896e+00
4.87040e+01 1.98332e+00 1.11905e+00
4.87108e+01 1.99016e+00 9.03922e-01
4.87177e+01 1.99580e+00 7.22502e-01
4.87249e+01 2.00039e+00 5.70714e-01
4.87322e+01 2.00410e+00 4.44343e-01
4.87398e+01 2.00706e+00 3.39700e-01
4.87477e+01 2.00938e+00 2.53593e-01
4.87558e+01 2.01115e+00 1.83247e-01
4.87644e+01 2.01246e+00 1.26246e-01
4.87733e+01 2.01337e+00 8.04818e-02
4.87826e+01 2.01395e+00 4.41163e-02
4.87925e+01 2.01423e+00 1.55509e-02
4.88028e+01 2.01427e+00 -6.59974e-03
4.88138e+01 2.01410e+00 -2.35298e-02
4.88255e+01 2.01375e+00 -3.62619e-02
4.88380e+01 2.01323e+00 -4.56644e-02
4.88514e+01 2.01257e+00 -5.24676e-02
4.88658e+01 2.01178e+00 -5.72785e-02
4.88814e+01 2.01086e+00 -6.05946e-02
4.88984e+01 2.00981e+00 -6.28170e-02
4.89170e+01 2.00862e+00 -6.42630e-02
4.89377e+01 2.00729e+00 -6.51778e-02
4.89606e+01 2.00578e+00 -6.57458e-02
4.89866e+01 2.00407e+00 -6.61013e-02
4.90163e+01 2.00211e+00 -6.63390e-02
4.90507e+01 1.99982e+00 -6.65228e-02
4.90916e+01 1.99710e+00 -6.66957e-02
4.91414e+01 1.99377e+00 -6.68877e-02
4.92047e+01 1.98953e+00 -6.71264e-02
4.92922e+01 1.98364e+00 -6.74590e-02
4.94084e+01 1.97578e+00 -6.79085e-02
4.95246e+01 1.96786e+00 -6.83682e-02
4.96466e+01 1.95948e+00 -6.88617e-02
4.97687e+01 1.95105e+00 -6.93672e-02
4.98907e+01 1.94255e+00 -6.98846e-02
5.00128e+01 1.93399e+00 -7.04148e-02
5.01349e+01 1.92536e+00 -7.09581e-02
5.02569e+01 1.91666e+00 -7.15152e-02
5.03790e+01 1.90790e+00 -7.20866e-02
5.05010e+01 1.89907e+00 -7.26730e-02
5.06231e+01 1.89016e+00 -7.32751e-02
5.07452e+01 1.88118e+00 -7.38935e-02
5.08672e+01 1.87212e+00 -7.45291e-02
5.09893e+01 1.86298e+00 -7.51826e-02
5.11113e+01 1.85377e+00 -7.58550e-02
5.12334e+01 1.84447e+00 -7.65471e-02
5.13554e+01 1.83508e+00 -7.72600e-02
5.14775e+01 1.82560e+00 -7.79946e-02
5.15996e+01 1.81604e+00 -7.87523e-02
5.17216e+01 1.80638e+00 -7.95342e-02
5.18437e+01 1.79662e+00 -8.03416e-02
5.19657e+01 1.78676e+00 -8.11759e-02
5.20878e+01 1.77680e+00 -8.20388e-02
5.22098e+01 1.76674e+00 -8.29319e-02
5.23319e+01 1.75656e+00 -8.38570e-02
5.24540e+01 1.74626e+00 -8.48161e-02
5.25760e+01 1.73585e+00 -8.58113e-02
5.26981e+01 1.72531e+00 -8.68450e-02
5.28201e+01 1.71465e+00 -8.79197e-02
5.29422e+01 1.70385e+00 -8.90382e-02
5.30643e+01 1.69291e+00 -9.02036e-02
5.31863e+01 1.68183e+00 -9.14194e-02
5.33084e+01 1.67059e+00 -9.26891e-02
5.34304e+01 1.65920e+00 -9.40170e-02
5.35525e+01 1.64764e+00 -9.54077e-02
5.36745e+01 1.63590e+00 -9.68662e-02
5.37966e+01 1.62399e+00 -9.83982e-02
5.39187e+01 1.61188e+00 -1.00010e-01
5.40407e+01 1.59957e+00 -1.01709e-01
5.41628e+01 1.58705e+00 -1.03503e-01
5.42848e+01 1.57430e+00 -1.05402e-01
5.44069e+01 1.56131e+00 -1.07415e-01
5.45290e+01 1.54807e+00 -1.09556e-01
5.46510e+01 1.53456e+00 -1.11836e-01
5.47731e+01 1.52076e+00 -1.14274e-01
5.48951e+01 1.50666e+00 -1.16886e-01
5.50172e+01 1.49222e+00 -1.19695e-01
5.51392e+01 1.47743e+00 -1.22726e-01
5.52613e+01 1.46225e+00 -1.26009e-01
5.53834e+01 1.44666e+00 -1.29582e-01
5.55054e+01 1.43061e+00 -1.33486e-01
5.56275e+01 1.41406e+00 -1.37777e-01
5.57495e+01 1.39695e+00 -1.42519e-01
5.58716e+01 1.37924e+00 -1.47794e-01
5.59936e+01 1.36085e+00 -1.53708e-01
5.61157e+01 1.34169e+00 -1.60391e-01
5.62378e+01 1.32166e+00 -1.68018e-01
5.63598e+01 1.30062e+00 -1.76819e-01
5.64819e+01 1.27843e+00 -1.87106e-01
5.66039e+01 1.25487e+00 -1.99314e-01
5.67260e+01 1.22967e+00 -2.14062e-01
5.68481e+01 1.20248e+00 -2.32266e-01
5.69701e+01 1.17278e+00 -2.55332e-01
5.70922e+01 1.13986e+00 -2.85516e-01
5.72142e+01 1.10264e+00 -3.26651e-01
5.73363e+01 1.05940e+00 -3.85703e-01
5.74368e+01 1.01728e+00 -4.57124e-01
5.75373e+01 9.66322e-01 -5.65086e-01
5.76190e+01 9.14978e-01 -7.01062e-01
5.76873e+01 8.61538e-01 -8.74477e-01
5.77403e+01 8.10317e-01 -1.07295e+00
5.77821e+01 7.61047e-01 -1.29431e+00
5.78169e+01 7.11846e-01 -1.54504e+00
5.78467e+01 6.61835e-01 -1.82957e+00
5.78726e+01 6.10398e-01 -2.15220e+00
5.78985e+01 5.49406e-01 -2.57188e+00
5.79187e+01 4.93459e-01 -2.98963e+00
5.79389e+01 4.28057e-01 -3.51388e+00
5.79554e+01 3.65519e-01 -4.04719e+00
5.79720e+01 2.93207e-01 -4.69703e+00
5.79863e+01 2.21773e-01 -5.36737e+00
5.80005e+01 1.39950e-01 -6.16097e+00
5.80147e+01 4.58627e-02 -7.09436e+00
5.80271e+01 -4.77858e-02 -8.03016e+00
5.80395e+01 -1.53734e-01 -9.07666e+00
5.80519e+01 -2.73251e-01 -1.02133e+01
5.80647e+01 -4.12366e-01 -1.14343e+01
5.80766e+01 -5.54076e-01 -1.25125e+01
5.80864e+01 -6.80456e-01 -1.32870e+01
5.80961e+01 -8.13534e-01 -1.38659e+01
5.81044e+01 -9.28882e-01 -1.41355e+01
5.81126e+01 -1.04545e+00 -1.41558e+01
5.81208e+01 -1.16104e+00 -1.38944e+01
5.81291e+01 -1.27329e+00 -1.33428e+01
5.81373e+01 -1.37986e+00 -1.25211e+01
5.81455e+01 -1.47871e+00 -1.14776e+01
5.81537e+01 -1.56823e+00 -1.02820e+01
5.81621e+01 -1.64895e+00 -8.98659e+00
5.81695e+01 -1.71089e+00 -7.84539e+00
5.81768e+01 -1.76457e+00 -6.74833e+00
5.81844e+01 -1.81135e+00 -5.70703e+00
5.81929e+01 -1.85531e+00 -4.65345e+00
5.82006e+01 -1.88802e+00 -3.82019e+00
5.82083e+01 -1.91475e+00 -3.10651e+00
5.82161e+01 -1.93639e+00 -2.50550e+00
5.82229e+01 -1.95185e+00 -2.06255e+00
5.82297e+01 -1.96455e+00 -1.68939e+00
5.82364e+01 -1.97492e+00 -1.37723e+00
5.82432e+01 -1.98336e+00 -1.11762e+00
5.82500e+01 -1.99019e+00 -9.02740e-01
5.82570e+01 -1.99583e+00 -7.21515e-01
5.82641e+01 -2.00042e+00 -5.69891e-01
5.82715e+01 -2.00412e+00 -4.43660e-01
5.82790e+01 -2.00708e+00 -3.39136e-01
5.82869e+01 -2.00939e+00 -2.53130e-01
5.82951e+01 -2.01116e+00 -1.82870e-01
5.83036e+01 -2.01247e+00 -1.25942e-01
5.83125e+01 -2.01338e+00 -8.02393e-02
5.83219e+01 -2.01395e+00 -4.39248e-02
5.83317e+01 -2.01423e+00 -1.54014e-02
5.83421e+01 -2.01427e+00 6.71481e-03
5.83531e+01 -2.01410e+00 2.36171e-02
5.83648e+01 -2.01375e+00 3.63269e-02
5.83773e+01 -2.01323e+00 4.57119e-02
5.83907e+01 -2.01257e+00 5.25016e-02
5.84051e+01 -2.01178e+00 5.73022e-02
5.84207e+01 -2.01085e+00 6.06107e-02
5.84377e+01 -2.00980e+00 6.28276e-02
5.84563e+01 -2.00862e+00 6.42698e-02
5.84770e+01 -2.00728e+00 6.51820e-02
5.85000e+01 -2.00577e+00 6.57484e-02
5.85259e+01 -2.00406e+00 6.61030e-02
5.85556e+01 -2.00210e+00 6.63402e-02
5.85901e+01 -1.99980e+00 6.65238e-02
5.86310e+01 -1.99708e+00 6.66967e-02
5.86809e+01 -1.99374e+00 6.68890e-02
5.87443e+01 -1.98950e+00 6.71280e-02
5.88320e+01 -1.98360e+00 6.74616e-02
5.89480e+01 -1.97575e+00 6.79102e-02
5.90640e+01 -1.96784e+00 6.83691e-02
5.91857e+01 -1.95949e+00 6.88614e-02
5.93075e+01 -1.95107e+00 6.93656e-02
5.94293e+01 -1.94260e+00 6.98817e-02
5.95510e+01 -1.93405e+00 7.04106e-02
5.96728e+01 -1.92545e+00 7.09524e-02
5.97946e+01 -1.91678e+00 7.15080e-02
5.99163e+01 -1.90803e+00 7.20779e-02
6.00381e+01 -1.89922e+00 7.26626e-02
6.01598e+01 -1.89034e+00 7.32629e-02
6.02816e+01 -1.88138e+00 7.38795e-02
6.04034e+01 -1.87235e+00 7.45131e-02
6.05251e+01 -1.86323e+00 7.51646e-02
6.06469e+01 -1.85404e+00 7.58348e-02
6.07687e+01 -1.84476e+00 7.65246e-02
6.08904e+01 -1.83540e+00 7.72350e-02
6.10122e+01 -1.82596e+00 7.79671e-02
6.11339e+01 -1.81642e+00 7.87220e-02
6.12557e+01 -1.80678e+00 7.95010e-02
6.13775e+01 -1.79705e+00 8.03053e-02
6.14992e+01 -1.78723e+00 8.11364e-02
6.16210e+01 -1.77729e+00 8.19958e-02
6.17428e+01 -1.76726e+00 8.28852e-02
6.18645e+01 -1.75711e+00 8.38063e-02
6.19863e+01 -1.74685e+00 8.47611e-02
6.21080e+01 -1.73647e+00 8.57518e-02
6.22298e+01 -1.72596e+00 8.67806e-02
6.23516e+01 -1.71533e+00 8.78501e-02
6.24733e+01 -1.70457e+00 8.89630e-02
6.25951e+01 -1.69366e+00 9.01223e-02
6.27169e+01 -1.68262e+00 9.13315e-02
6.28386e+01 -1.67142e+00 9.25942e-02
6.29604e+01 -1.66007e+00 9.39144e-02
6.30821e+01 -1.64855e+00 9.52967e-02
6.32039e+01 -1.63686e+00 9.67461e-02
6.33257e+01 -1.62498e+00 9.82682e-02
6.34474e+01 -1.61292e+00 9.98692e-02
6.35692e+01 -1.60066e+00 1.01556e-01
6.36910e+01 -1.58819e+00 1.03337e-01
6.38127e+01 -1.57549e+00 1.05221e-01
6.39345e+01 -1.56256e+00 1.07219e-01
6.40562e+01 -1.54937e+00 1.09341e-01
6.41780e+01 -1.53592e+00 1.11602e-01
6.42998e+01 -1.52219e+00 1.14017e-01
6.44215e+01 -1.50815e+00 1.16604e-01
6.45433e+01 -1.49379e+00 1.19384e-01
6.46651e+01 -1.47907e+00 1.22382e-01
6.47868e+01 -1.46397e+00 1.25628e-01
6.49086e+01 -1.44846e+00 1.29157e-01
6.50303e+01 -1.43251e+00 1.33011e-01
6.51521e+01 -1.41606e+00 1.37243e-01
6.52739e+01 -1.39907e+00 1.41915e-01
6.53956e+01 -1.38148e+00 1.47107e-01
6.55174e+01 -1.36322e+00 1.52920e-01
6.56392e+01 -1.34421e+00 1.59480e-01
6.57609e+01 -1.32434e+00 1.66955e-01
6.58827e+01 -1.30350e+00 1.75563e-01
6.60044e+01 -1.28153e+00 1.85603e-01
6.61262e+01 -1.25823e+00 1.97486e-01
6.62480e+01 -1.23334e+00 2.11797e-01
6.63697e+01 -1.20652e+00 2.29396e-01
6.64915e+01 -1.17729e+00 2.51590e-01
6.66133e+01 -1.14498e+00 2.80465e-01
6.67350e+01 -1.10858e+00 3.19527e-01
6.68568e+01 -1.06650e+00 3.75066e-01
6.69587e+01 -1.02504e+00 4.42818e-01
6.70606e+01 -9.75103e-01 5.44652e-01
6.71450e+01 -9.24001e-01 6.75057e-01
6.72155e+01 -8.70972e-01 8.41403e-01
6.72713e+01 -8.18922e-01 1.03736e+00
6.73146e+01 -7.69524e-01 1.25409e+00
6.73505e+01 -7.20384e-01 1.49943e+00
6.73810e+01 -6.70563e-01 1.77781e+00
6.74075e+01 -6.19409e-01 2.09355e+00
6.74309e+01 -5.66416e-01 2.45095e+00
6.74543e+01 -5.03943e-01 2.90909e+00
6.74729e+01 -4.45687e-01 3.36899e+00
6.74915e+01 -3.77888e-01 3.93944e+00
6.75071e+01 -3.12239e-01 4.52290e+00
6.75226e+01 -2.36616e-01 5.22610e+00
6.75362e+01 -1.60896e-01 5.95573e+00
6.75498e+01 -7.44526e-02 6.80927e+00
6.75633e+01 2.44769e-02 7.79749e+00
6.75769e+01 1.37736e-01 8.92035e+00
6.75905e+01 2.67037e-01 1.01559e+01
6.76040e+01 4.13552e-01 1.14441e+01
6.76158e+01 5.55111e-01 1.25196e+01
6.76256e+01 6.81427e-01 1.32922e+01
6.76354e+01 8.14413e-01 1.38689e+01
6.76436e+01 9.29730e-01 1.41366e+01
6.76518e+01 1.04625e+00 1.41550e+01
6.76601e+01 1.16178e+00 1.38918e+01
6.76683e+01 1.27395e+00 1.33386e+01
6.76765e+01 1.38044e+00 1.25158e+01
6.76847e+01 1.47921e+00 1.14717e+01
6.76929e+01 1.56851e+00 1.02779e+01
6.77013e+01 1.64912e+00 8.98373e+00
6.77087e+01 1.71104e+00 7.84251e+00
6.77160e+01 1.76470e+00 6.74553e+00
6.77236e+01 1.81147e+00 5.70429e+00
6.77321e+01 1.85543e+00 4.65050e+00
6.77398e+01 1.88811e+00 3.81788e+00
6.77475e+01 1.91481e+00 3.10476e+00
6.77553e+01 1.93644e+00 2.50421e+00
6.77621e+01 1.95189e+00 2.06147e+00
6.77689e+01 1.96458e+00 1.68848e+00
6.77756e+01 1.97495e+00 1.37647e+00
6.77824e+01 1.98338e+00 1.11699e+00
6.77892e+01 1.99021e+00 9.02223e-01
6.77962e+01 1.99584e+00 7.21082e-01
6.78033e+01 2.00043e+00 5.69530e-01
6.78107e+01 2.00413e+00 4.43360e-01
6.78182e+01 2.00708e+00 3.38889e-01
6.78261e+01 2.00940e+00 2.52927e-01
6.78343e+01 2.01117e+00 1.82706e-01
6.78428e+01 2.01247e+00 1.25809e-01
6.78517e+01 2.01338e+00 8.01331e-02
6.78611e+01 2.01395e+00 4.38409e-02
6.78709e+01 2.01423e+00 1.53360e-02
6.78813e+01 2.01427e+00 -6.76522e-03
6.78923e+01 2.01410e+00 -2.36553e-02
6.79040e+01 2.01375e+00 -3.63554e-02
6.79165e+01 2.01323e+00 -4.57327e-02
6.79299e+01 2.01257e+00 -5.25164e-02
6.79443e+01 2.01177e+00 -5.73126e-02
6.79599e+01 2.01085e+00 -6.06177e-02
6.79769e+01 2.00980e+00 -6.28323e-02
6.79956e+01 2.00861e+00 -6.42728e-02
6.80162e+01 2.00728e+00 -6.51839e-02
6.80392e+01 2.00577e+00 -6.57496e-02
6.80652e+01 2.00406e+00 -6.61037e-02
6.80949e+01 2.00209e+00 -6.63407e-02
6.81294e+01 1.99980e+00 -6.65243e-02
6.81704e+01 1.99707e+00 -6.66972e-02
6.82203e+01 1.99374e+00 -6.68895e-02
6.82836e+01 1.98949e+00 -6.71287e-02
6.83715e+01 1.98358e+00 -6.74627e-02
6.84874e+01 1.97573e+00 -6.79109e-02
6.86033e+01 1.96784e+00 -6.83695e-02
6.87249e+01 1.95949e+00 -6.88613e-02
6.88465e+01 1.95108e+00 -6.93650e-02
6.89682e+01 1.94262e+00 -6.98805e-02
6.90898e+01 1.93408e+00 -7.04088e-02
6.92114e+01 1.92549e+00 -7.09501e-02
6.93331e+01 1.91682e+00 -7.15050e-02
6.94547e+01 1.90809e+00 -7.20742e-02
6.95764e+01 1.89929e+00 -7.26582e-02
6.96980e+01 1.89041e+00 -7.32578e-02
6.98196e+01 1.88147e+00 -7.38736e-02
6.99413e+01 1.87244e+00 -7.45064e-02
7.00629e+01 1.86334e+00 -7.51570e-02
7.01845e+01 1.85416e+00 -7.58262e-02
7.03062e+01 1.84489e+00 -7.65151e-02
7.04278e+01 1.83554e+00 -7.72245e-02
7.05495e+01 1.82610e+00 -7.79555e-02
7.06711e+01 1.81658e+00 -7.87092e-02
7.07927e+01 1.80695e+00 -7.94870e-02
7.09144e+01 1.79724e+00 -8.02900e-02
7.10360e+01 1.78742e+00 -8.11197e-02
7.11576e+01 1.77750e+00 -8.19776e-02
7.12793e+01 1.76748e+00 -8.28654e-02
7.14009e+01 1.75734e+00 -8.37849e-02
7.15225e+01 1.74709e+00 -8.47379e-02
7.16442e+01 1.73673e+00 -8.57266e-02
7.17658e+01 1.72624e+00 -8.67534e-02
7.18875e+01 1.71562e+00 -8.78207e-02
7.20091e+01 1.70487e+00 -8.89312e-02
7.21307e+01 1.69398e+00 -9.00880e-02
7.22524e+01 1.68295e+00 -9.12944e-02
7.23740e+01 1.67177e+00 -9.25541e-02
7.24956e+01 1.66043e+00 -9.38710e-02
7.26173e+01 1.64893e+00 -9.52498e-02
7.27389e+01 1.63726e+00 -9.66954e-02
7.28606e+01 1.62540e+00 -9.82132e-02
7.29822e+01 1.61336e+00 -9.98097e-02
7.31038e+01 1.60112e+00 -1.01492e-01
7.32255e+01 1.58867e+00 -1.03267e-01
7.33471e+01 1.57599e+00 -1.05145e-01
7.34687e+01 1.56308e+00 -1.07136e-01
7.35904e+01 1.54993e+00 -1.09251e-01
7.37120e+01 1.53650e+00 -1.11503e-01
7.38337e+01 1.52279e+00 -1.13908e-01
7.39553e+01 1.50878e+00 -1.16485e-01
7.40769e+01 1.49445e+00 -1.19253e-01
7.41986e+01 1.47976e+00 -1.22237e-01
7.43202e+01 1.46470e+00 -1.25467e-01
7.44418e+01 1.44923e+00 -1.28978e-01
7.45635e+01 1.43331e+00 -1.32811e-01
7.46851e+01 1.41690e+00 -1.37018e-01
7.48068e+01 1.39996e+00 -1.41661e-01
7.49284e+01 1.38242e+00 -1.46819e-01
7.50500e+01 1.36422e+00 -1.52590e-01
7.51717e+01 1.34527e+00 -1.59099e-01
7.52933e+01 1.32548e+00 -1.66510e-01
7.54149e+01 1.30472e+00 -1.75039e-01
7.55366e+01 1.28284e+00 -1.84977e-01
7.56582e+01 1.25964e+00 -1.96726e-01
7.57798e+01 1.23488e+00 -2.10857e-01
7.59015e+01 1.20822e+00 -2.28207e-01
7.60231e+01 1.17918e+00 -2.50046e-01
7.61448e+01 1.14712e+00 -2.78391e-01
7.62664e+01 1.11106e+00 -3.16617e-01
7.63880e+01 1.06946e+00 -3.70755e-01
7.64906e+01 1.02826e+00 -4.37044e-01
7.65931e+01 9.78729e-01 -5.36444e-01
7.66787e+01 9.27721e-01 -6.64603e-01
7.67501e+01 8.74855e-01 -8.28099e-01
7.68071e+01 8.22403e-01 -1.02322e+00
7.68511e+01 7.72943e-01 -1.23813e+00
7.68874e+01 7.23819e-01 -1.48132e+00
7.69182e+01 6.74068e-01 -1.75726e+00
7.69450e+01 6.23025e-01 -2.07027e+00
7.69686e+01 5.70175e-01 -2.42463e+00
7.69922e+01 5.07842e-01 -2.87940e+00
7.70109e+01 4.49791e-01 -3.33563e+00
7.70296e+01 3.82207e-01 -3.90207e+00
7.70452e+01 3.16835e-01 -4.48117e+00
7.70609e+01 2.41508e-01 -5.17975e+00
7.70745e+01 1.66173e-01 -5.90423e+00
7.70881e+01 8.01454e-02 -6.75262e+00
7.71017e+01 -1.83470e-02 -7.73624e+00
7.71153e+01 -1.31169e-01 -8.85595e+00
7.71290e+01 -2.60065e-01 -1.00912e+01
7.71426e+01 -4.06266e-01 -1.13838e+01
7.71545e+01 -5.48855e-01 -1.24764e+01
7.71644e+01 -6.75566e-01 -1.32608e+01
7.71742e+01 -8.09112e-01 -1.38511e+01
7.71824e+01 -9.24618e-01 -1.41297e+01
7.71907e+01 -1.04142e+00 -1.41596e+01
7.71989e+01 -1.15733e+00 -1.39075e+01
7.72072e+01 -1.26995e+00 -1.33636e+01
7.72154e+01 -1.37694e+00 -1.25476e+01
7.72237e+01 -1.47624e+00 -1.15072e+01
7.72320e+01 -1.56679e+00 -1.03032e+01
7.72404e+01 -1.64811e+00 -9.00124e+00
7.72477e+01 -1.71013e+00 -7.86016e+00
7.72551e+01 -1.76390e+00 -6.76268e+00
7.72626e+01 -1.81075e+00 -5.72105e+00
7.72711e+01 -1.85470e+00 -4.66860e+00
7.72788e+01 -1.88757e+00 -3.83203e+00
7.72866e+01 -1.91442e+00 -3.11548e+00
7.72944e+01 -1.93616e+00 -2.51210e+00
7.73011e+01 -1.95166e+00 -2.06813e+00
7.73079e+01 -1.96439e+00 -1.69406e+00
7.73147e+01 -1.97479e+00 -1.38112e+00
7.73215e+01 -1.98326e+00 -1.12084e+00
7.73283e+01 -1.99011e+00 -9.05394e-01
7.73352e+01 -1.99576e+00 -7.23732e-01
7.73424e+01 -2.00036e+00 -5.71740e-01
7.73497e+01 -2.00408e+00 -4.45195e-01
7.73573e+01 -2.00704e+00 -3.40404e-01
7.73652e+01 -2.00936e+00 -2.54170e-01
7.73733e+01 -2.01114e+00 -1.83716e-01
7.73819e+01 -2.01245e+00 -1.26625e-01
7.73908e+01 -2.01337e+00 -8.07842e-02
7.74001e+01 -2.01394e+00 -4.43552e-02
7.74099e+01 -2.01423e+00 -1.57374e-02
7.74203e+01 -2.01427e+00 6.45618e-03
7.74313e+01 -2.01410e+00 2.34210e-02
7.74430e+01 -2.01375e+00 3.61808e-02
7.74555e+01 -2.01324e+00 4.56051e-02
7.74688e+01 -2.01258e+00 5.24252e-02
7.74832e+01 -2.01179e+00 5.72489e-02
7.74988e+01 -2.01087e+00 6.05745e-02
7.75158e+01 -2.00982e+00 6.28037e-02
7.75345e+01 -2.00863e+00 6.42545e-02
7.75550e+01 -2.00730e+00 6.51725e-02
7.75780e+01 -2.00579e+00 6.57425e-02
7.76039e+01 -2.00409e+00 6.60992e-02
7.76336e+01 -2.00212e+00 6.63375e-02
7.76680e+01 -1.99984e+00 6.65215e-02
7.77088e+01 -1.99712e+00 6.66944e-02
7.77586e+01 -1.99379e+00 6.68862e-02
7.78217e+01 -1.98957e+00 6.71244e-02
7.79089e+01 -1.98370e+00 6.74559e-02
7.80254e+01 -1.97581e+00 6.79064e-02
7.81419e+01 -1.96788e+00 6.83672e-02
7.82643e+01 -1.95947e+00 6.88622e-02
7.83868e+01 -1.95101e+00 6.93694e-02
7.85092e+01 -1.94249e+00 6.98885e-02
7.86317e+01 -1.93390e+00 7.04205e-02
7.87541e+01 -1.92524e+00 7.09657e-02
7.88765e+01 -1.91652e+00 7.15248e-02
7.89990e+01 -1.90772e+00 7.20983e-02
7.91214e+01 -1.89886e+00 7.26869e-02
7.92439e+01 -1.88992e+00 7.32913e-02
7.93663e+01 -1.88091e+00 7.39122e-02
7.94888e+01 -1.87182e+00 7.45503e-02
7.96112e+01 -1.86265e+00 7.52065e-02
7.97337e+01 -1.85340e+00 7.58818e-02
7.98561e+01 -1.84407e+00 7.65769e-02
7.99786e+01 -1.83465e+00 7.72930e-02
8.01010e+01 -1.82514e+00 7.80310e-02
8.02234e+01 -1.81554e+00 7.87923e-02
8.03459e+01 -1.80584e+00 7.95780e-02
8.04683e+01 -1.79605e+00 8.03894e-02
8.05908e+01 -1.78615e+00 8.12281e-02
8.07132e+01 -1.77616e+00 8.20956e-02
8.08357e+01 -1.76605e+00 8.29936e-02
8.09581e+01 -1.75583e+00 8.39239e-02
8.10806e+01 -1.74550e+00 8.48886e-02
8.12030e+01 -1.73504e+00 8.58898e-02
8.13255e+01 -1.72446e+00 8.69299e-02
8.14479e+01 -1.71375e+00 8.80116e-02
8.15704e+01 -1.70290e+00 8.91375e-02
8.16928e+01 -1.69192e+00 9.03110e-02
8.18152e+01 -1.68079e+00 9.15354e-02
8.19377e+01 -1.66950e+00 9.28145e-02
8.20601e+01 -1.65805e+00 9.41526e-02
8.21826e+01 -1.64644e+00 9.55543e-02
8.23050e+01 -1.63465e+00 9.70249e-02
8.24275e+01 -1.62268e+00 9.85700e-02
8.25499e+01 -1.61051e+00 1.00196e-01
8.26724e+01 -1.59814e+00 1.01911e-01
8.27948e+01 -1.58555e+00 1.03723e-01
8.29173e+01 -1.57273e+00 1.05641e-01
8.30397e+01 -1.55967e+00 1.07676e-01
8.31621e+01 -1.54636e+00 1.09840e-01
8.32846e+01 -1.53277e+00 1.12147e-01
8.34070e+01 -1.51889e+00 1.14615e-01
8.35295e+01 -1.50469e+00 1.17261e-01
8.36519e+01 -1.49016e+00 1.20108e-01
8.37744e+01 -1.47527e+00 1.23183e-01
8.38968e+01 -1.45998e+00 1.26516e-01
8.40193e+01 -1.44427e+00 1.30146e-01
8.41417e+01 -1.42810e+00 1.34119e-01
8.42642e+01 -1.41141e+00 1.38488e-01
8.43866e+01 -1.39416e+00 1.43324e-01
8.45091e+01 -1.37629e+00 1.48712e-01
8.46315e+01 -1.35772e+00 1.54761e-01
8.47539e+01 -1.33836e+00 1.61612e-01
8.48764e+01 -1.31810e+00 1.69446e-01
8.49988e+01 -1.29681e+00 1.78510e-01
8.51213e+01 -1.27432e+00 1.89135e-01
8.52437e+01 -1.25041e+00 2.01789e-01
8.53662e+01 -1.22480e+00 2.17141e-01
8.54886e+01 -1.19709e+00 2.36189e-01
8.56111e+01 -1.16674e+00 2.60477e-01
8.57335e+01 -1.13298e+00 2.92514e-01
8.58560e+01 -1.09462e+00 3.36619e-01
8.59637e+01 -1.05555e+00 3.91612e-01
8.60715e+01 -1.00930e+00 4.72383e-01
8.61646e+01 -9.60744e-01 5.78479e-01
8.62448e+01 -9.09078e-01 7.18569e-01
8.63119e+01 -8.55363e-01 8.96707e-01
8.63631e+01 -8.04588e-01 1.09715e+00
8.64040e+01 -7.55382e-01 1.32168e+00
8.64381e+01 -7.06126e-01 1.57609e+00
8.64674e+01 -6.55979e-01 1.86480e+00
8.64929e+01 -6.04343e-01 2.19211e+00
8.65185e+01 -5.43169e-01 2.61695e+00
8.65384e+01 -4.86917e-01 3.04039e+00
8.65584e+01 -4.21201e-01 3.57090e+00
8.65748e+01 -3.58251e-01 4.11100e+00
8.65912e+01 -2.85501e-01 4.76810e+00
8.66053e+01 -2.13505e-01 5.44647e+00
8.66195e+01 -1.31077e-01 6.24826e+00
8.66336e+01 -3.63570e-02 7.18931e+00
8.66460e+01 5.84017e-02 8.13595e+00
8.66583e+01 1.65570e-01 9.19179e+00
8.66707e+01 2.86382e-01 1.03340e+01
8.66837e+01 4.28770e-01 1.15688e+01
8.66952e+01 5.67794e-01 1.26059e+01
8.67049e+01 6.93341e-01 1.33544e+01
8.67145e+01 8.25228e-01 1.39037e+01
8.67227e+01 9.40163e-01 1.41490e+01
8.67309e+01 1.05611e+00 1.41439e+01
8.67391e+01 1.17087e+00 1.38582e+01
8.67473e+01 1.28213e+00 1.32860e+01
8.67555e+01 1.38759e+00 1.24495e+01
8.67638e+01 1.48673e+00 1.13805e+01
8.67717e+01 1.57241e+00 1.02200e+01
8.67799e+01 1.65131e+00 8.94553e+00
8.67882e+01 1.71968e+00 7.67283e+00
8.67964e+01 1.77779e+00 6.46230e+00
8.68046e+01 1.82634e+00 5.35612e+00
8.68139e+01 1.87087e+00 4.26242e+00
8.68213e+01 1.89963e+00 3.51402e+00
8.68287e+01 1.92323e+00 2.87336e+00
8.68361e+01 1.94247e+00 2.33274e+00
8.68436e+01 1.95804e+00 1.88182e+00
8.68510e+01 1.97056e+00 1.50928e+00
8.68584e+01 1.98058e+00 1.20384e+00
8.68658e+01 1.98855e+00 9.54958e-01
8.68732e+01 1.99485e+00 7.53153e-01
8.68806e+01 1.99981e+00 5.90166e-01
8.68880e+01 2.00368e+00 4.58940e-01
8.68956e+01 2.00673e+00 3.51603e-01
8.69034e+01 2.00912e+00 2.63342e-01
8.69116e+01 2.01096e+00 1.91182e-01
8.69200e+01 2.01232e+00 1.32650e-01
8.69289e+01 2.01328e+00 8.56002e-02
8.69382e+01 2.01389e+00 4.81630e-02
8.69480e+01 2.01421e+00 1.87116e-02
8.69583e+01 2.01428e+00 -4.16438e-03
8.69692e+01 2.01413e+00 -2.16817e-02
8.69808e+01 2.01380e+00 -3.48832e-02
8.69932e+01 2.01331e+00 -4.46554e-02
8.70064e+01 2.01266e+00 -5.17450e-02
8.70207e+01 2.01189e+00 -5.67733e-02
8.70361e+01 2.01098e+00 -6.02508e-02
8.70530e+01 2.00995e+00 -6.25898e-02
8.70714e+01 2.00878e+00 -6.41172e-02
8.70917e+01 2.00746e+00 -6.50866e-02
8.71144e+01 2.00598e+00 -6.56893e-02
8.71399e+01 2.00430e+00 -6.60653e-02
8.71691e+01 2.00237e+00 -6.63135e-02
8.72029e+01 2.00012e+00 -6.65014e-02
8.72429e+01 1.99746e+00 -6.66738e-02
8.72914e+01 1.99422e+00 -6.68620e-02
8.73526e+01 1.99012e+00 -6.70932e-02
8.74358e+01 1.98452e+00 -6.74090e-02
8.75435e+01 1.97724e+00 -6.78244e-02
8.76513e+01 1.96991e+00 -6.82485e-02
8.77666e+01 1.96202e+00 -6.87117e-02
8.78818e+01 1.95407e+00 -6.91854e-02
8.79971e+01 1.94606e+00 -6.96696e-02
8.81124e+01 1.93800e+00 -7.01651e-02
8.82277e+01 1.92989e+00 -7.06720e-02
8.83430e+01 1.92171e+00 -7.11909e-02
8.84582e+01 1.91347e+00 -7.17223e-02
8.85735e+01 1.90517e+00 -7.22668e-02
8.86888e+01 1.89681e+00 -7.28247e-02
8.88041e+01 1.88838e+00 -7.33968e-02
8.89194e+01 1.87988e+00 -7.39836e-02
8.90347e+01 1.87132e+00 -7.45858e-02
8.91499e+01 1.86269e+00 -7.52041e-02
8.92652e+01 1.85398e+00 -7.58392e-02
8.93805e+01 1.84520e+00 -7.64919e-02
8.94958e+01 1.83634e+00 -7.71631e-02
8.96111e+01 1.82741e+00 -7.78536e-02
8.97264e+01 1.81839e+00 -7.85644e-02
8.98416e+01 1.80929e+00 -7.92965e-02
8.99569e+01 1.80011e+00 -8.00510e-02
9.00722e+01 1.79084e+00 -8.08291e-02
9.01875e+01 1.78147e+00 -8.16320e-02
9.03028e+01 1.77201e+00 -8.24612e-02
9.04180e+01 1.76246e+00 -8.33181e-02
9.05333e+01 1.75280e+00 -8.42042e-02
9.06486e+01 1.74304e+00 -8.51213e-02
9.07639e+01 1.73317e+00 -8.60713e-02
9.08792e+01 1.72320e+00 -8.70562e-02
9.09945e+01 1.71310e+00 -8.80782e-02
9.11097e+01 1.70289e+00 -8.91396e-02
9.12250e+01 1.69255e+00 -9.02431e-02
9.13403e+01 1.68208e+00 -9.13916e-02
9.14556e+01 1.67147e+00 -9.25882e-02
9.15709e+01 1.66073e+00 -9.38364e-02
9.16862e+01 1.64984e+00 -9.51399e-02
9.18014e+01 1.63879e+00 -9.65031e-02
9.19167e+01 1.62758e+00 -9.79306e-02
9.20320e+01 1.61621e+00 -9.94276e-02
9.21473e+01 1.60466e+00 -1.01000e-01
9.22626e+01 1.59292e+00 -1.02654e-01
9.23778e+01 1.58098e+00 -1.04397e-01
9.24931e+01 1.56884e+00 -1.06238e-01
9.26084e+01 1.55648e+00 -1.08185e-01
9.27237e+01 1.54389e+00 -1.10250e-01
9.28390e+01 1.53106e+00 -1.12445e-01
9.29543e+01 1.51796e+00 -1.14783e-01
9.30695e+01 1.50459e+00 -1.17280e-01
9.31848e+01 1.49092e+00 -1.19956e-01
9.33001e+01 1.47692e+00 -1.22833e-01
9.34154e+01 1.46259e+00 -1.25935e-01
9.35307e+01 1.44788e+00 -1.29295e-01
9.36460e+01 1.43276e+00 -1.32947e-01
9.37612e+01 1.41721e+00 -1.36937e-01
9.38765e+01 1.40118e+00 -1.41317e-01
9.39918e+01 1.38461e+00 -1.46154e-01
9.41071e+01 1.36746e+00 -1.51529e-01
9.42224e+01 1.34965e+00 -1.57546e-01
9.43376e+01 1.33110e+00 -1.64335e-01
9.44529e+01 1.31172e+00 -1.72068e-01
9.45682e+01 1.29139e+00 -1.80970e-01
9.46835e+01 1.26994e+00 -1.91344e-01
9.47988e+01 1.24720e+00 -2.03609e-01
9.49141e+01 1.22290e+00 -2.18359e-01
9.50293e+01 1.19672e+00 -2.36458e-01
9.51446e+01 1.16820e+00 -2.59216e-01
9.52599e+01 1.13670e+00 -2.88700e-01
9.53752e+01 1.10125e+00 -3.28342e-01
9.54905e+01 1.06038e+00 -3.84211e-01
9.55911e+01 1.01837e+00 -4.55084e-01
9.56918e+01 9.67577e-01 -5.62117e-01
9.57739e+01 9.16268e-01 -6.97288e-01
9.58425e+01 8.62888e-01 -8.69678e-01
9.58958e+01 8.11560e-01 -1.06775e+00
9.59379e+01 7.62274e-01 -1.28844e+00
9.59728e+01 7.13083e-01 -1.53837e+00
9.60027e+01 6.63101e-01 -1.82201e+00
9.60287e+01 6.11706e-01 -2.14364e+00
9.60547e+01 5.50753e-01 -2.56220e+00
9.60750e+01 4.94871e-01 -2.97872e+00
9.60952e+01 4.29536e-01 -3.50163e+00
9.61118e+01 3.67086e-01 -4.03347e+00
9.61284e+01 2.94868e-01 -4.68175e+00
9.61427e+01 2.23554e-01 -5.35037e+00
9.61569e+01 1.41860e-01 -6.14220e+00
9.61711e+01 4.79089e-02 -7.07393e+00
9.61835e+01 -4.55042e-02 -8.00741e+00
9.61960e+01 -1.51194e-01 -9.05190e+00
9.62084e+01 -2.70437e-01 -1.01873e+01
9.62212e+01 -4.08889e-01 -1.14055e+01
9.62331e+01 -5.51234e-01 -1.24928e+01
9.62429e+01 -6.77795e-01 -1.32728e+01
9.62527e+01 -8.11128e-01 -1.38579e+01
9.62609e+01 -9.26562e-01 -1.41324e+01
9.62692e+01 -1.04326e+00 -1.41579e+01
9.62774e+01 -1.15902e+00 -1.39015e+01
9.62857e+01 -1.27147e+00 -1.33542e+01
9.62939e+01 -1.37827e+00 -1.25356e+01
9.63021e+01 -1.47737e+00 -1.14937e+01
9.63104e+01 -1.56745e+00 -1.02935e+01
9.63188e+01 -1.64849e+00 -8.99451e+00
9.63262e+01 -1.71048e+00 -7.85337e+00
9.63335e+01 -1.76421e+00 -6.75609e+00
9.63410e+01 -1.81103e+00 -5.71461e+00
9.63495e+01 -1.85498e+00 -4.66165e+00
9.63573e+01 -1.88778e+00 -3.82660e+00
9.63650e+01 -1.91457e+00 -3.11137e+00
9.63728e+01 -1.93626e+00 -2.50907e+00
9.63795e+01 -1.95175e+00 -2.06557e+00
9.63863e+01 -1.96446e+00 -1.69191e+00
9.63931e+01 -1.97485e+00 -1.37933e+00
9.63999e+01 -1.98331e+00 -1.11936e+00
9.64067e+01 -1.99015e+00 -9.04176e-01
9.64137e+01 -1.99579e+00 -7.22714e-01
9.64208e+01 -2.00039e+00 -5.70891e-01
9.64281e+01 -2.00410e+00 -4.44491e-01
9.64357e+01 -2.00706e+00 -3.39822e-01
9.64436e+01 -2.00938e+00 -2.53692e-01
9.64518e+01 -2.01115e+00 -1.83328e-01
9.64603e+01 -2.01246e+00 -1.26311e-01
9.64692e+01 -2.01337e+00 -8.05340e-02
9.64785e+01 -2.01395e+00 -4.41576e-02
9.64884e+01 -2.01423e+00 -1.55831e-02
9.64987e+01 -2.01427e+00 6.57494e-03
9.65097e+01 -2.01410e+00 2.35110e-02
9.65214e+01 -2.01375e+00 3.62479e-02
9.65339e+01 -2.01323e+00 4.56541e-02
9.65473e+01 -2.01258e+00 5.24603e-02
9.65617e+01 -2.01178e+00 5.72734e-02
9.65773e+01 -2.01086e+00 6.05911e-02
9.65943e+01 -2.00981e+00 6.28147e-02
9.66129e+01 -2.00863e+00 6.42616e-02
9.66335e+01 -2.00729e+00 6.51769e-02
9.66565e+01 -2.00579e+00 6.57452e-02
9.66825e+01 -2.00407e+00 6.61010e-02
9.67121e+01 -2.00211e+00 6.63387e-02
9.67466e+01 -1.99982e+00 6.65226e-02
9.67875e+01 -1.99710e+00 6.66955e-02
9.68373e+01 -1.99377e+00 6.68874e-02
9.69005e+01 -1.98954e+00 6.71260e-02
9.69879e+01 -1.98365e+00 6.74585e-02
9.71042e+01 -1.97578e+00 6.79081e-02
9.72204e+01 -1.96786e+00 6.83680e-02
9.73426e+01 -1.95948e+00 6.88618e-02
9.74647e+01 -1.95104e+00 6.93675e-02
9.75868e+01 -1.94254e+00 6.98852e-02
9.77089e+01 -1.93397e+00 7.04157e-02
9.78311e+01 -1.92534e+00 7.09594e-02
9.79532e+01 -1.91664e+00 7.15168e-02
9.80753e+01 -1.90787e+00 7.20886e-02
9.81974e+01 -1.89903e+00 7.26754e-02
9.83196e+01 -1.89012e+00 7.32778e-02
9.84417e+01 -1.88113e+00 7.38967e-02
9.85638e+01 -1.87207e+00 7.45327e-02
9.86859e+01 -1.86293e+00 7.51867e-02
9.88081e+01 -1.85370e+00 7.58595e-02
9.89302e+01 -1.84440e+00 7.65521e-02
9.90523e+01 -1.83501e+00 7.72655e-02
9.91744e+01 -1.82553e+00 7.80008e-02
9.92965e+01 -1.81595e+00 7.87590e-02
9.94187e+01 -1.80629e+00 7.95415e-02
9.95408e+01 -1.79652e+00 8.03496e-02
9.96629e+01 -1.78666e+00 8.11847e-02
9.97850e+01 -1.77669e+00 8.20484e-02
9.99072e+01 -1.76662e+00 8.29423e-02
1.00000e+02 -1.75889e+00 8.36435e-02
