1.09
1.1879
1.29415
1.40909
1.53295
1.66572
1.80702
1.95588
2.11042
2.26733
2.42117
2.56331
2.68072
2.75466
2.76063
2.67152
2.46714
2.15063
1.76173
1.36779
1.02938
0.772591
0.592142
0.469952
0.388238
0.333742
0.297585
0.274055
0.25951
0.251621
0.248882
0.250319
0.255301
0.263428
0.274458
0.288266
0.304807
0.324103
0.346229
0.371302
0.399478
0.430949
0.465941
0.504709
0.547543
0.594762
0.646716
0.703787
0.766383
0.834944
0.909928
0.991813
1.08108
1.17821
1.28365
1.39774
1.52075
1.65268
1.7932
1.9414
2.09552
2.25239
2.40684
2.55058
2.67105
2.75011
2.76375
2.68479
2.49177
2.18484
1.80017
1.4037
1.05825
0.793548
0.606529
0.479608
0.394683
0.338035
0.300417
0.275865
0.260581
0.252132
0.248951
0.250021
0.254685
0.262524
0.273285
0.286831
0.303111
0.322143
0.343994
0.36878
0.396652
0.4278
0.462445
0.500842
0.543275
0.590061
0.641547
0.698113
0.760164
0.828136
0.902488
0.983694
1.07224
1.1686
1.27322
1.38648
1.50863
1.63972
1.77945
1.92698
2.08064
2.23744
2.39241
2.53764
2.66102
2.74498
2.76601
2.697
2.51533
2.21832
1.8385
1.4401
1.08788
0.815221
0.621462
0.489643
0.401383
0.342499
0.303366
0.277759
0.261713
0.252691
0.249058
0.249756
0.254098
0.261648
0.272138
0.285421
0.301441
0.320208
0.341786
0.366286
0.393856
0.424683
0.458984
0.497011
0.539046
0.585402
0.636425
0.692489
0.753999
0.821387
0.895109
0.975641
1.06347
1.15906
1.26288
1.3753
1.4966
1.62684
1.76577
1.91261
2.06579
2.22247
2.3779
2.52451
2.65063
2.73928
2.76746
2.70818
2.53782
2.25102
1.87667
1.47695
1.11827
0.837623
0.636958
0.50007
0.408346
0.347141
0.306436
0.279739
0.262908
0.253298
0.249204
0.249524
0.253541
0.260798
0.271015
0.284036
0.299796
0.318298
0.339604
0.36382
0.39109
0.421597
0.455557
0.493217
