0.1018
0.105626
0.11184
0.12099
0.133886
0.151712
0.176199
0.209885
0.256497
0.32151
0.412894
0.54199
0.724176
0.978312
1.3228
1.76502
2.28293
2.80828
3.23612
3.47416
3.49457
3.33563
3.06354
2.73877
2.40368
2.08338
1.7907
1.53071
1.30402
1.10884
0.942264
0.800984
0.681686
0.581264
0.496917
0.426183
0.366927
0.317326
0.275834
0.241151
0.212188
0.188039
0.167954
0.151317
0.137624
0.12647
0.117534
0.110571
0.105404
0.101925
0.100089
0.099925
0.101545
0.105165
0.111131
0.119971
0.132466
0.149758
0.173515
0.206185
0.25136
0.314321
0.40276
0.527663
0.704014
0.950435
1.2857
1.71892
2.23177
2.76063
3.20243
3.46099
3.50131
3.35674
3.09258
2.77071
2.43528
2.11287
1.81724
1.55405
1.32424
1.12616
0.957004
0.813457
0.692201
0.590105
0.504337
0.432402
0.372134
0.321684
0.279478
0.244196
0.214729
0.190155
0.169712
0.152769
0.138814
0.127433
0.118297
0.111155
0.105823
0.102186
0.100193
0.0998661
0.101309
0.104725
0.110448
0.118985
0.131089
0.147861
0.170911
0.202597
0.246384
0.307361
0.392956
0.513801
0.684487
0.923371
1.24951
1.67359
2.1808
2.71218
3.16702
3.44578
3.50634
3.37676
3.12112
2.80254
2.46701
2.1426
1.84408
1.5777
1.34474
1.14376
0.971977
0.826133
0.70289
0.599094
0.511882
0.438726
0.377431
0.326116
0.283185
0.247294
0.217314
0.19231
0.171501
0.154248
0.140028
0.128417
0.119079
0.111756
0.106257
0.102461
0.100312
0.0998232
0.10109
0.104306
0.10979
0.118031
0.129754
0.146021
0.168385
0.199119
0.241562
0.300623
0.383468
0.500389
0.66558
0.897106
1.21423
1.62905
2.13008
2.66304
3.12996
3.42853
3.50962
3.39565
3.14909
2.83423
2.49885
2.17257
1.87121
1.60166
1.36554
1.16161
0.987186
0.839014
0.713756
0.608234
0.519555
0.445159
0.382818
0.330625
0.286956
0.250445
0.219945
0.194502
0.173323
0.155755
